1
9
12
8
19
15
0
16
9
9
7
2
11
0
10
4
6
0
2
5
11
17
7
8
7
14
8
6
19
0
7
10
2
0
3
18
0
19
7
18
1
9
10.0
12
15
6
13
14
14
12
16
5
10
2
1
6
6
18
19
10
3
0
0
8
11
16
4
17
2
17
9
12
14
0
8
16
8
17
19
16
10
1
14
12
6
5
13
12
13
14
13
15
14
4
10
12
2
10
18
18
11
17
12
16
10
9
8
4
12
2
5
1
15
18
11
11
10
12
17
16
8
14
5
2
0
6
18
7
13
9
6
5
0
9
6
14
14
4
13
15
5
7
8
16
0
18
10
14
6
8
19
9
16
18
4
11
12
1
0
12
12
9
14
13
18
19
2
5
4
15
19
8
11
13
12
10
12
12
13
5
19
5
3
17
8
14
8
8
16
4
0
5
1
7
13
2
4
10
3
4
10
6
18
4
9
16
14
19
0
10
16
10
13
13
13
8
12
16
14
1
2
13
19
8
0
17
13
7
17
18
19
5
14
7
1
5
9
4
4
2
16
12
17
11
6
2
3
2
18
13
13
14
12
6
2
9
1
4
7
11
1
12
19
6
10
4
15
6
10
13
7
2
5
13
10
18
14
1
6
19
18
6
11
17
18
16
17
13
17
14
4
13
7
19
7
15
16
3
6
2
18
2
13
17
9
6
13
2
3
4
2
12
12
0
1
18
13
14
7
15
6
14
3
19
3
7
0
12
14
11
6
5
17
2
11
9
6
12
3
16
5
17
12
3
10
15
19
7
5
2
15
12
11
7
16
17
1
11
10
6
13
15
2
11
6
1
6
19
9
19
15
2
2
2
6
1
12
19
16
10
3
7
18
0
3
14
9
4
4
16
6
5
12
11
1
0
14
4
7
19
11
0
9
0
10
13
9
19
10
18
10
9
18
14
8
4
7
1
15
18
5
9
15
2
2
9
4
5
18
9
3
18
14
8
13
10
6
0
8
12
12
14
0
5
16
18
13
3
16
12
4
5
18
0
13
5
10
14
15
17
13
6
17
0
16
8
2
1
0
1
17
2
5
18
0
3
12
7
5
3
6
0
13
1
15
10
14
7
4
16
15
6
15
12
12
12
14
14
1
3
0
0
17
4
18
14
14
18
15
13
15
4
15
3
18
19
3
18
11
17
14
3
13
3
0
3
8
6
17
15
3
8
5
17
14
16
5
2
1
12
7
8
10
14
12
18
17
3
1
9
6
2
15
19
9
17
16
3
10
17
15
13
7
14
6
15
18
3
19
10
15
3
11
7
9
19
17
14
17
2
8
7
15
4
19
13
2
2
10
7
18
19
10
1
2
10
17
16
0
2
9
4
4
4
18
4
17
16
13
9
13
0
15
5
10
14
1
2
13
6
5
8
9
11
14
5
0
9
2
9
6
2
1
9
17
6
16
11
17
2
11
7
19
15
16
14
6
19
12
0
14
12
13
5
2
18
4
13
8
0
18
15
9
16
0
3
15
6
5
14
7
17
13
6
11
15
9
14
18
11
7
19
7
16
1
14
16
11
9
12
9
1
19
13
1
3
4
14
17
15
10
15
8
2
16
1
12
12
6
7
0
1
12
11
6
16
16
10
14
19
1
0
11
7
18
19
16
15
12
15
7
19
18
15
16
12
18
15
2
9
6
13
13
9
2
13
2
10
9
4
16
15
14
12
2
18
16
6
0
3
17
13
14
3
9
7
16
3
12
15
8
17
5
11
19
2
13
13
1
2
11
3
8
13
4
3
19
17
16
19
9
16
15
9
0
11
11
2
18
12
3
5
1
4
9
12
12
17
18
5
19
13
15
13
6
14
4
15
15
4
19
16
19
9
12
12
16
6
15
11
6
15
4
15
0
3
4
9
2
3
2
8
13
17
11
8
10
17
13
5
6
6
4
11
14
17
17
16
3
15
2
1
4
14
12
13
10
3
0
1
5
4
9
0
17
15
10
19
19
0
0
6
7
4
4
9
14
16
12
1
1
0
13
6
19
9
3
14
15
7
6
2
1
12
0
19
18
1
4
8
1
19
8
11
18
15
17
6
2
8
19
8
12
12
9
9
1
5
9
14
9
9
10
4
6
16
18
14
6
14
8
6
14
19
10
8
10
3
2
16
7
13
15
13
18
7
19
12
1
17
17
16
13
19
0
9
12
14
1
2
3
13
4
10
10
16
8
17
14
14
3
4
13
2
17
2
2
13
19
19
0
6
0
8
17
7
10
12
14
11
