19
5
1
15
11
18
11
8
16
18
8
5
12
14
16
5
10
15
16
3
3
12
14
14
5
8
8
7
10
2
13
12
11
20
20
11
15
11
7
7
16
5
7
5
1
6
20
12
15
15
8
15
11
14
8
2
3
15
18
0
12
16
18
15
9
13
12
20
16
19
8
10
6
6
13
15
8
1
2
17
11
5
10
19
20
16
20
17
20
7
7
4
15
3
4
8
13
16
4
14
16
14
19
7
1
7
8
1
16
12
16
18
16
16
13
9
15
12
19
13
18
16
8
9
9
4
6
3
3
1
13
12
15
11
18
13
0
7
20
4
12
9
12
1
16
13
20
10
17
6
3
19
19
12
4
15
13
3
9
4
20
19
5
8
16
7
6
1
16
20
2
14
19
5
14
18
15
6
11
12
18
5
17
20
19
15
15
11
6
18
19
18
2
9
0
19
12
18
9
11
9
7
17
1
15
18
15
18
14
0
1
13
4
9
4
3
14
17
1
18
4
9
2
5
16
14
14
14
0
15
2
11
9
8
0
20
7
1
1
3
9
18
7
13
3
13
8
18
2
18
1
6
14
13
9
12
16
11
5
9
15
17
6
8
20
13
15
9
10
15
9
13
19
0
10
0
2
10
1
9
5
15
12
15
5
0
6
11
9
18
2
5
9
10
15
0
12
5
10
6
18
20
18
12
15
19
18
15
7
2
3
18
17
15
12
19
9
15
12
0
18
17
4
18
4
6
0
3
1
10
8
3
12
2
4
8
2
1
7
0
1
16
14
18
12
1
18
1
4
6
5
2
19
19
11
9
2
9
3
19
6
4
6
12
12
0
18
5
3
19
11
11
13
12
19
15
2
15
16
2
2
11
0
0
1
19
8
17
13
5
5
12
18
12
18
7
12
7
6
15
0
9
19
10
13
20
19
9
6
6
12
11
17
17
0
3
20
11
12
3
2
9
7
15
3
14
0
11
3
1
12
19
0
6
3
11
20
1
7
18
19
2
9
11
14
9
2
19
20
6
0
15
10
19
0
1
9
18
20
20
18
20
7
7
9
16
19
16
6
8
1
11
4
15
3
3
6
14
16
12
1
19
2
2
6
2
14
10
4
7
4
20
2
19
1
17
0
2
20
20
1
15
8
0
12
4
20
2
10
11
2
3
10
0
15
18
16
7
16
19
20
4
2
16
0
8
15
3
17
4
14
17
19
0
9
1
15
16
6
17
3
19
9
15
11
11
13
11
4
7
20
16
18
13
13
0
10
14
19
6
9
3
17
6
7
19
8
20
15
5
17
16
18
5
4
9
9
14
9
0
13
9
10
1
8
19
10
20
3
15
19
2
17
15
3
15
17
10
0
13
15
3
14
6
8
16
4
8
1
18
7
8
18
14
20
16
16
4
16
14
20
18
11
20
4
4
3
5
14
14
11
15
13
1
5
14
3
20
0
11
9
18
14
17
15
18
0
6
1
10
15
5
13
14
13
7
10
0
5
7
5
8
12
12
12
2
2
11
4
12
14
11
17
17
12
20
14
5
8
15
8
8
12
9
8
9
11
4
8
6
8
5
7
0
12
2
14
20
13
11
11
17
2
2
11
4
14
13
18
19
3
12
17
19
11
7
16
11
1
2
19
5
2
3
18
6
11
20
12
0
8
3
13
15
12
2
1
14
18
15
12
20
7
18
14
14
20
14
3
5
19
1
6
18
15
3
14
19
1
12
0
3
18
0
10
2
11
8
11
6
14
5
5
9
11
15
2
10
1
20
17
18
17
19
4
18
2
11
3
18
16
15
7
8
17
9
3
5
1
12
3
19
14
14
10
6
7
6
15
19
17
14
16
9
8
0
11
6
1
20
18
16
16
15
20
0
16
11
3
9
7
2
11
8
0
17
15
4
0
8
8
17
11
5
10
8
19
4
17
4
17
5
2
11
0
8
7
10
17
8
0
16
10
16
19
19
13
13
8
9
9
10
8
0
9
10
1
17
1
17
1
17
18
9
14
17
16
5
18
20
1
12
7
2
19
18
13
18
0
11
7
2
7
9
10
14
3
8
13
4
12
2
6
6
4
4
19
14
16
18
14
6
4
20
2
19
13
10
12
17
5
16
0
11
1
11
4
11
8
18
5
4
15
1
5
2
11
10
20
18
10
2
10
3
0
8
3
7
14
2
11
7
12
17
19
17
11
6
15
11
1
0
12
12
10
6
15
16
1
7
13
20
18
3
7
12
1
13
9
2
11
3
8
9
16
12
9
20
12
3
