-18
19
18
7
-10
-7
-13
-19
-12
14
4
6
-18
-12
-15
1
19
2
-13
-10
10
-11
-20
11
-10
3
13
-2
12
3
-1
14
6
3
-12
-15
-11
-5
1
-8
-8
6
-10
1
10
7
-5
16
-20
19
-2
-2
7
16
-14
7
12
-18
-16
-5
18
-9
-10
0
-12
-16
-6
0
1
14
-19
12
9
-19
-10
-5
2
15
-20
3
-3
-13
-18
13
7
-18
-13
9
-2
-10
-14
17
11
10
-17
-17
3
-7
-14
-18
15
-7
-3
0
-15
8
4
-13
10
17
13
19
-2
-7
11
3
-4
2
0
4
-14
-20
-15
-18
1
9
-17
-18
-10
-18
-3
-11
-1
-15
9
4
-17
-18
-6
1
-9
7
-8
-3
-8
-7
-15
3
-6
-3
-14
-17
14
-11
10
-14
5
-18
18
-17
-17
-17
18
-7
5
-10
-16
-4
-19
-4
-1
10
-18
-4
-5
18
18
-18
-2
14
6
4
16
17
10
-2
-5
6
-15
1
11
1
-10
18
-13
-17
-11
-13
12
13
16
16
18
12
-6
-17
-17
-15
-9
-15
10
17
7
17
-14
12
1
-3
15
8
-19
18
18
-7
-8
-17
2
-16
-17
-14
3
10
12
19
13
11
-10
-4
-2
-4
1
17
-18
7
-7
3
-2
1
-6
-15
-20
5
-18
0
1
-6
-2
10
-17
-2
16
-18
6
9
-14
1
-9
-16
6
-3
-9
13
-18
-19
17
16
1
-4
-4
11
3
9
-9
-15
0
18
-14
-17
8
-2
19
-15
13
15
-6
-15
-18
9
-1
-15
3
-9
-6
-3
-17
3
19
16
14
-14
-9
10
-20
-6
-10
-9
17
-4
0
16
17
-18
-9
-13
16
8
-20
7
7
2
3
0
-6
-4
-12
8
11
-7
-14
18
10
-16
-8
8
14
-8
6
15
-6
9
-12
-5
-5
12
5
-9
-15
10
-19
-6
-9
18
3
15
12
0
1
13
-4
-1
-15
14
17
-7
18
8
-14
12
-5
5
2
7
-14
-17
-9
-16
-18
-6
1
15
-6
3
-2
12
1
2
5
10
-3
-7
10
17
-3
-18
13
-20
10
-20
-16
-10
-9
-13
2
-9
12
-3
0
12
-3
17
15
18
0
11
18
3
5
-14
12
1
15
-20
11
-3
12
-10
-5
9
-11
10
12
-2
-4
-16
14
-8
-18
3
15
17
18
0
-17
11
10
16
-4
16
8
-16
8
-6
15
-13
-5
-1
18
-3
-2
-11
16
-18
-10
15
-7
18
16
19
7
-16
-12
6
16
11
14
-8
8
17
-5
5
7
10
5
5
-20
9
-18
-8
3
-20
-6
-17
-1
9
1
-2
-2
-19
-13
-12
0
19
-19
-17
-1
-17
2
8
4
-9
-13
18
-18
-8
15
-7
6
-7
9
-14
5
-3
2
18
-10
-14
-8
-2
-7
-10
17
-14
7
13
9
19
-7
-4
-1
-5
-10
18
-16
3
-13
-3
10
-13
-17
1
6
15
-17
12
2
-16
-1
11
16
17
-19
-6
16
15
-10
19
-13
15
-16
-1
16
18
1
9
9
-3
-19
6
-16
2
13
5
3
15
-1
6
-20
-15
18
-2
-11
-3
-18
-4
-12
-2
15
9
-20
-18
13
-6
-17
6
15
14
-17
15
-3
1
-14
-20
-1
9
5
7
16
-2
-4
7
-14
-12
17
16
8
-3
4
3
-7
2
-1
-7
-5
-9
10
-9
-1
-6
-5
-18
4
-7
-8
-13
4
17
-12
16
-10
8
2
11
13
17
7
8
18
13
-11
-16
-8
8
-11
-17
-16
6
7
-4
15
-5
-19
16
-14
13
8
-11
4
10
11
10
0
-14
11
17
-15
-6
-12
-18
-15
0
-8
14
17
-5
1
-14
2
-7
-11
-6
17
2
-19
2
-8
-20
8
-16
-11
-1
9
13
-16
9
5
-9
5
-16
12
11
-13
-13
10
17
15
18
12
-3
-13
14
-3
11
18
-12
17
-15
-12
-2
-3
18
10
4
-9
-12
16
-13
-9
13
16
17
-12
3
-18
12
5
-7
1
4
1
7
19
8
3
6
-13
-7
-7
-7
6
-8
9
-1
3
18
18
14
-3
-2
7
17
-10
-20
16
13
17
-7
11
1
-11
15
-14
-17
18
-17
9
-18
14
14
-19
-10
5
-18
18
-5
-1
5
-12
-14
-15
8
-11
-20
18
11
-4
-13
-9
-6
-1
-7
17
-6
1
3
16
-15
9
-13
-18
10
-16
-20
6
3
-3
7
-6
-6
-17
-8
11
5
6
0
-8
-15
-15
-14
12
-5
-19
-19
-12
9
-16
-12
18
0
-20
12
11
8
-18
5
3
-4
17
-6
0
-1
-17
7
-3
1
-12
-10
-2
11
7
6
15
1
-19
-16
-5
-8
-2
15
-7
-14
-5
-3
11
-11
-8
-17
10
8
10
-3
-17
-4
-1
17
-20
-1
3
-10
-11
-15
18
-16
-18
11
-5
-2
3
-13
15
-19
5
-18
8
-6
-7
12
8
1
1
-6
16
7
18
11
2
-15
-5
13
13
7
5
-8
-4
-11
-12
-2
1
-18
-9
11
17
7
4
10
16
15
14
1
3
-13
16
12
-13
-16
11
-15
14
6
14
-19
-11
-13
13
-15
-15
8
-2
8
-15
-9
-1
-10
-4
-20
0
8
0
14
7
12
